*CHN	CHN	99.68	99680	100.28	100280	0.6	600	&=vfx
*CHN	CHN	105.98	105980	106.15	106150	0.17	170
*CHN	CHN	106.15	106150	106.47	106470	0.32	320	&=vocalization
*CHN	CHN	106.47	106470	106.58	106580	0.11	110
*CHN	CHN	141.77	141770	141.96	141960	0.19	190	&=vocalization
*CHN	CHN	141.96	141960	142.37	142370	0.41	410
*CHN	CHN	145.42	145420	145.56	145560	0.14	140
*CHN	CHN	145.56	145560	145.81	145810	0.25	250	&=vocalization
*CHN	CHN	145.81	145810	146.24	146240	0.43	430
*CHN	CHN	146.24	146240	146.33	146330	0.09	90	&=vocalization
*CHN	CHN	146.33	146330	146.96	146960	0.63	630
*CHN	CHN	146.96	146960	147.06	147060	0.1	100	&=vocalization
*CHN	CHN	147.06	147060	147.44	147440	0.38	380
*CHN	CHN	147.44	147440	147.53	147530	0.09	90	&=vocalization
*CHN	CHN	148.52	148520	148.77	148770	0.25	250
*CHN	CHN	148.77	148770	149.03	149030	0.26	260	&=vocalization
*CHN	CHN	149.03	149030	149.12	149120	0.09	90
*CHN	CHN	152.26	152260	152.82	152820	0.56	560	&=crying
*CHN	CHN	152.82	152820	153.02	153020	0.2	200	&=vfx
*CHN	CHN	156.5	156500	156.6	156600	0.1	100
*CHN	CHN	156.6	156600	157.51	157510	0.91	910	&=vfx
*CHN	CHN	158.92	158920	159.07	159070	0.15	150	&=vocalization
*CHN	CHN	159.07	159070	159.65	159650	0.58	580
*CHN	CHN	159.65	159650	160.07	160070	0.42	420	&=vocalization
*CHN	CHN	161.07	161070	161.38	161380	0.31	310	&=vocalization
*CHN	CHN	161.38	161380	161.67	161670	0.29	290
*CHN	CHN	164.05	164050	164.2	164200	0.15	150	&=vocalization
*CHN	CHN	164.2	164200	164.66	164660	0.46	460
*CHN	CHN	164.66	164660	164.89	164890	0.23	230	&=vocalization
*CHN	CHN	165.83	165830	166.13	166130	0.3	300	&=vocalization
*CHN	CHN	166.13	166130	166.44	166440	0.31	310
*CHN	CHN	170.96	170960	171.48	171480	0.52	520	&=vocalization
*CHN	CHN	171.48	171480	171.6	171600	0.12	120
*CHN	CHN	174.27	174270	174.87	174870	0.6	600	&=vocalization
*CHN	CHN	177.14	177140	177.24	177240	0.1	100
*CHN	CHN	177.24	177240	177.54	177540	0.3	300	&=vocalization
*CHN	CHN	177.54	177540	177.74	177740	0.2	200
*CHN	CHN	184.72	184720	185.4	185400	0.68	680
*CHN	CHN	185.4	185400	185.54	185540	0.14	140	&=crying
*CHN	CHN	186.34	186340	186.61	186610	0.27	270
*CHN	CHN	186.61	186610	186.85	186850	0.24	240	&=vocalization
*CHN	CHN	186.85	186850	186.94	186940	0.09	90
*CHN	CHN	187.74	187740	187.86	187860	0.12	120
*CHN	CHN	187.86	187860	188.17	188170	0.31	310	&=vocalization
*CHN	CHN	188.17	188170	188.34	188340	0.17	170
*CHN	CHN	191.86	191860	192.6	192600	0.74	740	&=crying
*CHN	CHN	192.6	192600	192.93	192930	0.33	330	&=vfx
*CHN	CHN	195.14	195140	195.22	195220	0.08	80
*CHN	CHN	195.22	195220	195.41	195410	0.19	190	&=vocalization
*CHN	CHN	195.41	195410	195.89	195890	0.48	480
*CHN	CHN	195.89	195890	196.19	196190	0.3	300	&=vocalization
*CHN	CHN	199.01	199010	199.45	199450	0.44	440
*CHN	CHN	199.45	199450	199.61	199610	0.16	160	&=vfx
*CHN	CHN	200.61	200610	200.81	200810	0.2	200
*CHN	CHN	200.81	200810	201.09	201090	0.28	280	&=vocalization
*CHN	CHN	201.09	201090	201.21	201210	0.12	120
*CHN	CHN	203.32	203320	203.43	203430	0.11	110
*CHN	CHN	203.43	203430	203.68	203680	0.25	250	&=vocalization
*CHN	CHN	203.68	203680	204.19	204190	0.51	510
*CHN	CHN	204.19	204190	204.34	204340	0.15	150	&=vocalization
*CHN	CHN	205.44	205440	206.51	206510	1.07	1070	&=vfx
*CHN	CHN	209.03	209030	209.13	209130	0.1	100
*CHN	CHN	209.13	209130	209.25	209250	0.12	120	&=vocalization
*CHN	CHN	209.25	209250	209.71	209710	0.46	460
*CHN	CHN	209.71	209710	210.01	210010	0.3	300	&=vocalization
*CHN	CHN	224.44	224440	224.62	224620	0.18	180
*CHN	CHN	224.62	224620	224.93	224930	0.31	310	&=vocalization
*CHN	CHN	224.93	224930	225.04	225040	0.11	110
*CHN	CHN	227.61	227610	227.77	227770	0.16	160	&=vocalization
*CHN	CHN	227.77	227770	228.22	228220	0.45	450
*CHN	CHN	228.22	228220	228.56	228560	0.34	340	&=vocalization
*CHN	CHN	231.94	231940	232.32	232320	0.38	380
*CHN	CHN	232.32	232320	232.54	232540	0.22	220	&=vocalization
*CHN	CHN	238.47	238470	238.56	238560	0.09	90
*CHN	CHN	238.56	238560	238.8	238800	0.24	240	&=vfx
*CHN	CHN	238.8	238800	239.07	239070	0.27	270
*CHN	CHN	241.7	241700	241.85	241850	0.15	150
*CHN	CHN	241.85	241850	242.05	242050	0.2	200	&=vfx
*CHN	CHN	242.05	242050	242.3	242300	0.25	250
*CHN	CHN	245.32	245320	245.77	245770	0.45	450
*CHN	CHN	245.77	245770	246.01	246010	0.24	240	&=vfx
*CHN	CHN	246.98	246980	247.35	247350	0.37	370
*CHN	CHN	247.35	247350	247.47	247470	0.12	120	&=vocalization
*CHN	CHN	247.47	247470	247.58	247580	0.11	110
*CHN	CHN	248.58	248580	248.68	248680	0.1	100
*CHN	CHN	248.68	248680	248.94	248940	0.26	260	&=vocalization
*CHN	CHN	248.94	248940	249.18	249180	0.24	240
*CHN	CHN	249.98	249980	250.32	250320	0.34	340	&=vocalization
*CHN	CHN	250.32	250320	250.58	250580	0.26	260
*CHN	CHN	252.78	252780	253.59	253590	0.81	810	&=vfx
*CHN	CHN	254.54	254540	255.17	255170	0.63	630	&=vocalization
*CHN	CHN	257.66	257660	257.77	257770	0.11	110
*CHN	CHN	257.77	257770	257.9	257900	0.13	130	&=vocalization
*CHN	CHN	257.9	257900	258.31	258310	0.41	410
*CHN	CHN	258.31	258310	258.62	258620	0.31	310	&=vocalization
*CHN	CHN	259.63	259630	259.85	259850	0.22	220	&=vocalization
*CHN	CHN	259.85	259850	260.35	260350	0.5	500
*CHN	CHN	260.35	260350	260.43	260430	0.08	80	&=vocalization
*CHN	CHN	261.49	261490	261.75	261750	0.26	260	&=vfx
*CHN	CHN	261.75	261750	262.09	262090	0.34	340
*CHN	CHN	263.16	263160	263.46	263460	0.3	300	&=vocalization
*CHN	CHN	263.46	263460	263.76	263760	0.3	300
*CHN	CHN	266.97	266970	267.07	267070	0.1	100
*CHN	CHN	267.07	267070	267.19	267190	0.12	120	&=vocalization
*CHN	CHN	267.19	267190	267.66	267660	0.47	470
*CHN	CHN	267.66	267660	267.98	267980	0.32	320	&=vocalization
*CHN	CHN	268.98	268980	269.18	269180	0.2	200	&=vocalization
*CHN	CHN	269.18	269180	269.6	269600	0.42	420
*CHN	CHN	269.6	269600	269.91	269910	0.31	310	&=vocalization
*CHN	CHN	273.14	273140	273.26	273260	0.12	120
*CHN	CHN	273.26	273260	273.49	273490	0.23	230	&=vocalization
*CHN	CHN	273.49	273490	273.74	273740	0.25	250
*CHN	CHN	276.23	276230	276.48	276480	0.25	250	&=vocalization
*CHN	CHN	276.48	276480	276.83	276830	0.35	350
*CHN	CHN	278.76	278760	279.14	279140	0.38	380
*CHN	CHN	279.14	279140	279.41	279410	0.27	270	&=vocalization
*CHN	CHN	280.43	280430	280.69	280690	0.26	260
*CHN	CHN	280.69	280690	280.9	280900	0.21	210	&=vocalization
*CHN	CHN	280.9	280900	281.03	281030	0.13	130
*CHN	CHN	282.07	282070	282.35	282350	0.28	280	&=vocalization
*CHN	CHN	282.35	282350	282.93	282930	0.58	580
*CHN	CHN	282.93	282930	283.2	283200	0.27	270	&=vocalization
*CHN	CHN	285.06	285060	285.79	285790	0.73	730
*CHN	CHN	285.79	285790	285.91	285910	0.12	120	&=crying
*CHN	CHN	285.91	285910	285.99	285990	0.08	80
*CHN	CHN	288.33	288330	288.43	288430	0.1	100
*CHN	CHN	288.43	288430	288.61	288610	0.18	180	&=vocalization
*CHN	CHN	288.61	288610	289.02	289020	0.41	410
*CHN	CHN	289.02	289020	289.37	289370	0.35	350	&=vocalization
*CHN	CHN	291.24	291240	292.12	292120	0.88	880	&=vfx
*CHN	CHN	295.42	295420	295.54	295540	0.12	120	&=vocalization
*CHN	CHN	295.54	295540	296.16	296160	0.62	620
*CHN	CHN	296.16	296160	296.35	296350	0.19	190	&=vocalization
*CHN	CHN	297.38	297380	297.59	297590	0.21	210
*CHN	CHN	297.59	297590	297.88	297880	0.29	290	&=vocalization
*CHN	CHN	297.88	297880	297.98	297980	0.1	100
*CHN	CHN	298.78	298780	299.38	299380	0.6	600	&=vocalization
*CHN	CHN	300.39	300390	301.24	301240	0.85	850
*CHN	CHN	301.24	301240	301.37	301370	0.13	130	&=crying
*CHN	CHN	301.37	301370	301.48	301480	0.11	110
*CHN	CHN	311.38	311380	311.51	311510	0.13	130
*CHN	CHN	311.51	311510	311.88	311880	0.37	370	&=vocalization
*CHN	CHN	311.88	311880	311.98	311980	0.1	100
*CHN	CHN	313.23	313230	313.49	313490	0.26	260
*CHN	CHN	313.49	313490	313.83	313830	0.34	340	&=vocalization
*CHN	CHN	317.85	317850	318.5	318500	0.65	650	&=vocalization
*CHN	CHN	326.88	326880	327.15	327150	0.27	270	&=vocalization
*CHN	CHN	327.15	327150	327.63	327630	0.48	480
*CHN	CHN	327.63	327630	327.91	327910	0.28	280	&=vocalization
*CHN	CHN	328.96	328960	329.32	329320	0.36	360
*CHN	CHN	329.32	329320	329.49	329490	0.17	170	&=vocalization
*CHN	CHN	329.49	329490	329.56	329560	0.07	70
*CHN	CHN	330.56	330560	330.64	330640	0.08	80
*CHN	CHN	330.64	330640	330.93	330930	0.29	290	&=vfx
*CHN	CHN	330.93	330930	331.16	331160	0.23	230
*CHN	CHN	339.28	339280	340.25	340250	0.97	970	&=vocalization
*CHN	CHN	340.25	340250	340.36	340360	0.11	110
*CHN	CHN	351.53	351530	351.69	351690	0.16	160	&=vocalization
*CHN	CHN	351.69	351690	352.11	352110	0.42	420
*CHN	CHN	352.11	352110	352.32	352320	0.21	210	&=vocalization
*CHN	CHN	355.39	355390	356.59	356590	1.2	1200	&=vfx
*CHN	CHN	356.59	356590	356.68	356680	0.09	90
*CHN	CHN	358.58	358580	359.32	359320	0.74	740
*CHN	CHN	359.32	359320	359.47	359470	0.15	150	&=crying
*CHN	CHN	361.45	361450	361.61	361610	0.16	160	&=vocalization
*CHN	CHN	361.61	361610	362.15	362150	0.54	540
*CHN	CHN	362.15	362150	362.34	362340	0.19	190	&=vocalization
*CHN	CHN	363.34	363340	363.66	363660	0.32	320	&=vocalization
*CHN	CHN	363.66	363660	363.94	363940	0.28	280
*CHN	CHN	366.34	366340	367.02	367020	0.68	680
*CHN	CHN	367.02	367020	367.13	367130	0.11	110	&=crying
*CHN	CHN	367.93	367930	368.19	368190	0.26	260
*CHN	CHN	368.19	368190	368.32	368320	0.13	130	&=vocalization
*CHN	CHN	368.32	368320	368.53	368530	0.21	210
*CHN	CHN	369.84	369840	370.74	370740	0.9	900	&=vfx
*CHN	CHN	373.29	373290	373.45	373450	0.16	160
*CHN	CHN	373.45	373450	373.74	373740	0.29	290	&=vocalization
*CHN	CHN	373.74	373740	373.89	373890	0.15	150
*CHN	CHN	374.91	374910	375.07	375070	0.16	160	&=vocalization
*CHN	CHN	375.07	375070	375.55	375550	0.48	480
*CHN	CHN	375.55	375550	375.81	375810	0.26	260	&=vocalization
*CHN	CHN	376.81	376810	377.1	377100	0.29	290	&=vocalization
*CHN	CHN	377.1	377100	377.41	377410	0.31	310
*CHN	CHN	379.7	379700	380.06	380060	0.36	360	&=vfx
*CHN	CHN	380.06	380060	380.54	380540	0.48	480
*CHN	CHN	380.54	380540	381.53	381530	0.99	990	&=vfx
*CHN	CHN	382.6	382600	382.94	382940	0.34	340
*CHN	CHN	382.94	382940	383.2	383200	0.26	260	&=vfx
*CHN	CHN	384.0	384000	384.96	384960	0.96	960	&=vfx
*CHN	CHN	384.96	384960	385.36	385360	0.4	400
*CHN	CHN	387.8	387800	388.04	388040	0.24	240	&=vocalization
*CHN	CHN	388.04	388040	388.51	388510	0.47	470
*CHN	CHN	388.51	388510	388.78	388780	0.27	270	&=vocalization
*CHN	CHN	388.78	388780	388.94	388940	0.16	160
*CHN	CHN	393.03	393030	393.38	393380	0.35	350	&=crying
*CHN	CHN	393.38	393380	393.9	393900	0.52	520	&=vfx
*CHN	CHN	396.4	396400	396.73	396730	0.33	330	&=vocalization
*CHN	CHN	396.73	396730	397.18	397180	0.45	450
*CHN	CHN	397.18	397180	397.27	397270	0.09	90	&=vocalization
*CHN	CHN	398.34	398340	398.54	398540	0.2	200
*CHN	CHN	398.54	398540	398.81	398810	0.27	270	&=vocalization
*CHN	CHN	398.81	398810	398.94	398940	0.13	130
*CHN	CHN	400.54	400540	400.73	400730	0.19	190	&=vocalization
*CHN	CHN	400.73	400730	401.29	401290	0.56	560
*CHN	CHN	401.29	401290	401.39	401390	0.1	100	&=vocalization
*CHN	CHN	401.39	401390	401.51	401510	0.12	120
*CHN	CHN	402.57	402570	402.67	402670	0.1	100
*CHN	CHN	402.67	402670	402.9	402900	0.23	230	&=vocalization
*CHN	CHN	402.9	402900	403.17	403170	0.27	270
*CHN	CHN	406.01	406010	406.82	406820	0.81	810
*CHN	CHN	406.82	406820	407.03	407030	0.21	210	&=crying
*CHN	CHN	407.83	407830	408.17	408170	0.34	340
*CHN	CHN	408.17	408170	408.31	408310	0.14	140	&=vocalization
*CHN	CHN	408.31	408310	408.43	408430	0.12	120
*CHN	CHN	409.43	409430	409.6	409600	0.17	170	&=vocalization
*CHN	CHN	409.6	409600	410.12	410120	0.52	520
*CHN	CHN	410.12	410120	410.3	410300	0.18	180	&=vocalization
*CHN	CHN	410.3	410300	410.41	410410	0.11	110
*CHN	CHN	413.89	413890	413.98	413980	0.09	90
*CHN	CHN	413.98	413980	414.19	414190	0.21	210	&=vocalization
*CHN	CHN	414.19	414190	414.49	414490	0.3	300
*CHN	CHN	415.61	415610	415.88	415880	0.27	270	&=vocalization
*CHN	CHN	415.88	415880	416.22	416220	0.34	340
*CHN	CHN	416.22	416220	416.54	416540	0.32	320	&=vocalization
*CHN	CHN	418.16	418160	418.4	418400	0.24	240
*CHN	CHN	418.4	418400	418.68	418680	0.28	280	&=vocalization
*CHN	CHN	418.68	418680	418.76	418760	0.08	80
*CHN	CHN	421.34	421340	421.53	421530	0.19	190
*CHN	CHN	421.53	421530	421.94	421940	0.41	410	&=vocalization
*CHN	CHN	422.75	422750	423.35	423350	0.6	600	&=vocalization
*CHN	CHN	438.27	438270	439.07	439070	0.8	800
*CHN	CHN	439.07	439070	439.35	439350	0.28	280	&=crying
*CHN	CHN	451.94	451940	452.43	452430	0.49	490
*CHN	CHN	452.43	452430	452.75	452750	0.32	320	&=vfx
*CHN	CHN	452.75	452750	452.95	452950	0.2	200
*CHN	CHN	456.83	456830	457.66	457660	0.83	830
*CHN	CHN	457.66	457660	457.91	457910	0.25	250	&=crying
*CHN	CHN	458.9	458900	458.98	458980	0.08	80
*CHN	CHN	458.98	458980	459.5	459500	0.52	520	&=vocalization
*CHN	CHN	462.36	462360	462.84	462840	0.48	480	&=vocalization
*CHN	CHN	462.84	462840	463.29	463290	0.45	450
*CHN	CHN	463.29	463290	463.67	463670	0.38	380	&=vocalization
*CHN	CHN	463.67	463670	464.0	464000	0.33	330
*CHN	CHN	464.0	464000	465.08	465080	1.08	1080	&=vocalization
*CHN	CHN	482.54	482540	482.78	482780	0.24	240	&=vocalization
*CHN	CHN	482.78	482780	483.25	483250	0.47	470
*CHN	CHN	483.25	483250	483.71	483710	0.46	460	&=vocalization
*CHN	CHN	508.39	508390	509.24	509240	0.85	850
*CHN	CHN	509.24	509240	509.34	509340	0.1	100	&=crying
*CHN	CHN	564.84	564840	565.21	565210	0.37	370
*CHN	CHN	565.21	565210	565.44	565440	0.23	230	&=vfx
*CHN	CHN	570.25	570250	570.63	570630	0.38	380
*CHN	CHN	570.63	570630	570.77	570770	0.14	140	&=vocalization
*CHN	CHN	570.77	570770	570.85	570850	0.08	80
*CHN	CHN	575.62	575620	576.07	576070	0.45	450
*CHN	CHN	576.07	576070	576.23	576230	0.16	160	&=vocalization
*CHN	CHN	578.79	578790	579.03	579030	0.24	240
*CHN	CHN	579.03	579030	579.28	579280	0.25	250	&=vfx
*CHN	CHN	579.28	579280	579.39	579390	0.11	110
*CHN	CHN	589.31	589310	590.38	590380	1.07	1070	&=vfx
*CHN	CHN	618.2	618200	619.06	619060	0.86	860	&=vocalization
*CHN	CHN	625.82	625820	626.08	626080	0.26	260
*CHN	CHN	626.08	626080	626.36	626360	0.28	280	&=vocalization
*CHN	CHN	626.36	626360	626.46	626460	0.1	100
*CHN	CHN	655.35	655350	655.45	655450	0.1	100
*CHN	CHN	655.45	655450	656.02	656020	0.57	570	&=vfx
*CHN	CHN	662.26	662260	663.1	663100	0.84	840	&=crying
*CHN	CHN	663.1	663100	663.53	663530	0.43	430
*CHN	CHN	700.32	700320	701.42	701420	1.1	1100	&=crying
*CHN	CHN	703.59	703590	703.81	703810	0.22	220
*CHN	CHN	703.81	703810	704.23	704230	0.42	420	&=crying
*CHN	CHN	705.37	705370	705.5	705500	0.13	130
*CHN	CHN	705.5	705500	706.17	706170	0.67	670	&=vocalization
*CHN	CHN	706.17	706170	706.55	706550	0.38	380	&=vocalization
*CHN	CHN	706.55	706550	706.96	706960	0.41	410
*CHN	CHN	734.41	734410	734.93	734930	0.52	520	&=vocalization
*CHN	CHN	734.93	734930	735.24	735240	0.31	310
*CHN	CHN	735.24	735240	735.56	735560	0.32	320	&=vocalization
*CHN	CHN	742.31	742310	742.59	742590	0.28	280
*CHN	CHN	742.59	742590	742.82	742820	0.23	230	&=vfx
*CHN	CHN	742.82	742820	742.91	742910	0.09	90
*CHN	CHN	762.34	762340	762.94	762940	0.6	600	&=vfx
*CHN	CHN	762.94	762940	763.07	763070	0.13	130
*CHN	CHN	766.58	766580	767.44	767440	0.86	860	&=vocalization
*CHN	CHN	767.44	767440	768.09	768090	0.65	650
*CHN	CHN	768.09	768090	768.27	768270	0.18	180	&=vocalization
*CHN	CHN	769.4	769400	771.06	771060	1.66	1660	&=crying
*CHN	CHN	771.06	771060	771.16	771160	0.1	100
*CHN	CHN	774.15	774150	774.39	774390	0.24	240	&=crying
*CHN	CHN	774.39	774390	774.93	774930	0.54	540
*CHN	CHN	777.38	777380	778.21	778210	0.83	830	&=crying
*CHN	CHN	779.52	779520	779.62	779620	0.1	100
*CHN	CHN	779.62	779620	781.53	781530	1.91	1910	&=crying
*CHN	CHN	782.63	782630	786.38	786380	3.75	3750	&=crying
*CHN	CHN	855.12	855120	855.88	855880	0.76	760	&=crying
*CHN	CHN	855.88	855880	856.09	856090	0.21	210
*CHN	CHN	861.62	861620	861.88	861880	0.26	260
*CHN	CHN	861.88	861880	862.24	862240	0.36	360	&=crying
*CHN	CHN	864.38	864380	865.44	865440	1.06	1060	&=crying
*CHN	CHN	866.48	866480	867.17	867170	0.69	690	&=crying
*CHN	CHN	869.0	869000	870.21	870210	1.21	1210	&=crying
*CHN	CHN	872.36	872360	872.8	872800	0.44	440	&=crying
*CHN	CHN	872.8	872800	872.96	872960	0.16	160
*CHN	CHN	881.99	881990	882.23	882230	0.24	240
*CHN	CHN	882.23	882230	883.44	883440	1.21	1210	&=crying
*CHN	CHN	883.44	883440	883.69	883690	0.25	250
*CHN	CHN	902.5	902500	902.82	902820	0.32	320
*CHN	CHN	902.82	902820	903.42	903420	0.6	600	&=crying
*CHN	CHN	903.42	903420	903.6	903600	0.18	180
*CHN	CHN	1072.18	1072180	1073.79	1073790	1.61	1610	&=crying
*CHN	CHN	1073.79	1073790	1074.12	1074120	0.33	330
*CHN	CHN	1392.87	1392870	1393.2	1393200	0.33	330
*CHN	CHN	1393.2	1393200	1393.78	1393780	0.58	580	&=crying
*CHN	CHN	1419.86	1419860	1420.82	1420820	0.96	960	&=crying
*CHN	CHN	1420.82	1420820	1420.91	1420910	0.09	90
*CHN	CHN	1423.57	1423570	1423.93	1423930	0.36	360	&=crying
*CHN	CHN	1423.93	1423930	1424.17	1424170	0.24	240
*CHN	CHN	1590.22	1590220	1590.54	1590540	0.32	320	&=crying
*CHN	CHN	1590.54	1590540	1590.83	1590830	0.29	290
*CHN	CHN	1722.47	1722470	1723.3	1723300	0.83	830	&=vfx
*CHN	CHN	1727.68	1727680	1728.71	1728710	1.03	1030	&=crying
*CHN	CHN	1728.71	1728710	1729.03	1729030	0.32	320
*CHN	CHN	1730.04	1730040	1730.65	1730650	0.61	610	&=crying
*CHN	CHN	1743.77	1743770	1743.88	1743880	0.11	110
*CHN	CHN	1743.88	1743880	1744.37	1744370	0.49	490	&=vocalization
*CHN	CHN	1755.56	1755560	1756.16	1756160	0.6	600	&=crying
*CHN	CHN	1756.16	1756160	1756.29	1756290	0.13	130
*CHN	CHN	2191.63	2191630	2193.12	2193120	1.49	1490	&=vocalization
*CHN	CHN	2200.76	2200760	2202.03	2202030	1.27	1270	&=crying
*CHN	CHN	2202.03	2202030	2202.11	2202110	0.08	80
*CHN	CHN	2203.11	2203110	2203.91	2203910	0.8	800	&=crying
*CHN	CHN	2209.89	2209890	2211.24	2211240	1.35	1350	&=crying
*CHN	CHN	2211.24	2211240	2211.4	2211400	0.16	160
*CHN	CHN	2215.98	2215980	2216.09	2216090	0.11	110
*CHN	CHN	2216.09	2216090	2216.46	2216460	0.37	370	&=crying
*CHN	CHN	2216.46	2216460	2216.58	2216580	0.12	120
*CHN	CHN	2217.38	2217380	2218.19	2218190	0.81	810	&=crying
*CHN	CHN	2218.19	2218190	2218.79	2218790	0.6	600
*CHN	CHN	2219.79	2219790	2221.35	2221350	1.56	1560	&=crying
*CHN	CHN	2349.79	2349790	2350.76	2350760	0.97	970	&=crying
*CHN	CHN	2351.73	2351730	2352.0	2352000	0.27	270
*CHN	CHN	2352.0	2352000	2352.36	2352360	0.36	360	&=vocalization
*CHN	CHN	2352.36	2352360	2352.59	2352590	0.23	230
*CHN	CHN	2354.4	2354400	2356.09	2356090	1.69	1690	&=crying
*CHN	CHN	2356.09	2356090	2356.28	2356280	0.19	190
*CHN	CHN	2357.28	2357280	2358.87	2358870	1.59	1590	&=crying
*CHN	CHN	2359.71	2359710	2361.7	2361700	1.99	1990	&=crying
*CHN	CHN	2361.7	2361700	2361.83	2361830	0.13	130
*CHN	CHN	2362.78	2362780	2363.77	2363770	0.99	990	&=crying
*CHN	CHN	2363.77	2363770	2364.67	2364670	0.9	900	&=crying
*CHN	CHN	2364.67	2364670	2364.85	2364850	0.18	180
*CHN	CHN	2364.85	2364850	2365.7	2365700	0.85	850	&=crying
*CHN	CHN	2365.7	2365700	2366.17	2366170	0.47	470	&=crying
*CHN	CHN	2366.17	2366170	2366.3	2366300	0.13	130
*CHN	CHN	2378.26	2378260	2378.87	2378870	0.61	610	&=crying
*CHN	CHN	2378.87	2378870	2379.67	2379670	0.8	800	&=crying
*CHN	CHN	2396.77	2396770	2397.49	2397490	0.72	720	&=crying
*CHN	CHN	2398.47	2398470	2400.61	2400610	2.14	2140	&=crying
*CHN	CHN	2400.61	2400610	2401.11	2401110	0.5	500
*CHN	CHN	2403.01	2403010	2403.46	2403460	0.45	450	&=crying
*CHN	CHN	2403.46	2403460	2403.61	2403610	0.15	150
*CHN	CHN	2404.47	2404470	2405.06	2405060	0.59	590	&=vocalization
*CHN	CHN	2405.06	2405060	2405.19	2405190	0.13	130
*CHN	CHN	4165.77	4165770	4165.88	4165880	0.11	110
*CHN	CHN	4165.88	4165880	4166.37	4166370	0.49	490	&=crying
*CHN	CHN	4190.48	4190480	4190.8	4190800	0.32	320
*CHN	CHN	4190.8	4190800	4191.18	4191180	0.38	380	&=vocalization
*CHN	CHN	4206.18	4206180	4206.39	4206390	0.21	210
*CHN	CHN	4206.39	4206390	4206.69	4206690	0.3	300	&=vocalization
*CHN	CHN	4206.69	4206690	4206.78	4206780	0.09	90
*CHN	CHN	4361.22	4361220	4362.3	4362300	1.08	1080	&=crying
*CHN	CHN	4362.3	4362300	4362.43	4362430	0.13	130
*CHN	CHN	4363.56	4363560	4363.89	4363890	0.33	330	&=vocalization
*CHN	CHN	4363.89	4363890	4364.16	4364160	0.27	270
*CHN	CHN	4632.82	4632820	4633.11	4633110	0.29	290	&=vocalization
*CHN	CHN	4633.11	4633110	4633.42	4633420	0.31	310
*CHN	CHN	4634.57	4634570	4634.87	4634870	0.3	300
*CHN	CHN	4634.87	4634870	4635.66	4635660	0.79	790	&=crying
*CHN	CHN	4635.66	4635660	4636.11	4636110	0.45	450	&=crying
*CHN	CHN	4636.11	4636110	4636.31	4636310	0.2	200
*CHN	CHN	4638.33	4638330	4638.43	4638430	0.1	100
*CHN	CHN	4638.43	4638430	4638.74	4638740	0.31	310	&=crying
*CHN	CHN	4638.74	4638740	4638.93	4638930	0.19	190
*CHN	CHN	4653.56	4653560	4654.28	4654280	0.72	720	&=crying
*CHN	CHN	4654.28	4654280	4654.75	4654750	0.47	470
*CHN	CHN	4679.53	4679530	4681.35	4681350	1.82	1820	&=crying
*CHN	CHN	4681.35	4681350	4681.42	4681420	0.07	70
*CHN	CHN	4685.48	4685480	4685.9	4685900	0.42	420	&=crying
*CHN	CHN	4685.9	4685900	4686.08	4686080	0.18	180
*CHN	CHN	4687.88	4687880	4688.08	4688080	0.2	200
*CHN	CHN	4688.08	4688080	4688.26	4688260	0.18	180	&=crying
*CHN	CHN	4688.26	4688260	4688.48	4688480	0.22	220
*CHN	CHN	4690.33	4690330	4690.5	4690500	0.17	170
*CHN	CHN	4690.5	4690500	4691.9	4691900	1.4	1400	&=crying
*CHN	CHN	4692.71	4692710	4692.79	4692790	0.08	80
*CHN	CHN	4692.79	4692790	4693.23	4693230	0.44	440	&=crying
*CHN	CHN	4693.23	4693230	4693.31	4693310	0.08	80
*CHN	CHN	4697.38	4697380	4698.0	4698000	0.62	620	&=vocalization
*CHN	CHN	4701.16	4701160	4701.65	4701650	0.49	490	&=crying
*CHN	CHN	4701.65	4701650	4701.78	4701780	0.13	130
*CHN	CHN	4705.19	4705190	4705.84	4705840	0.65	650	&=crying
*CHN	CHN	4705.84	4705840	4705.92	4705920	0.08	80	&=vfx
*CHN	CHN	4705.92	4705920	4706.03	4706030	0.11	110
*CHN	CHN	4711.29	4711290	4711.37	4711370	0.08	80
*CHN	CHN	4711.37	4711370	4711.63	4711630	0.26	260	&=vocalization
*CHN	CHN	4711.63	4711630	4711.89	4711890	0.26	260
*CHN	CHN	4712.89	4712890	4713.22	4713220	0.33	330	&=crying
*CHN	CHN	4713.22	4713220	4713.49	4713490	0.27	270
*CHN	CHN	4802.07	4802070	4802.72	4802720	0.65	650	&=vocalization
*CHN	CHN	4816.91	4816910	4817.29	4817290	0.38	380
*CHN	CHN	4817.29	4817290	4817.51	4817510	0.22	220	&=vocalization
*CHN	CHN	4997.56	4997560	4998.1	4998100	0.54	540	&=vocalization
*CHN	CHN	4998.1	4998100	4998.26	4998260	0.16	160
*CHN	CHN	9320.77	9320770	9321.16	9321160	0.39	390
*CHN	CHN	9321.16	9321160	9321.57	9321570	0.41	410	&=vfx
*CHN	CHN	9427.71	9427710	9427.87	9427870	0.16	160	&=vfx
*CHN	CHN	9427.87	9427870	9428.51	9428510	0.64	640
*CHN	CHN	9643.56	9643560	9643.89	9643890	0.33	330
*CHN	CHN	9643.89	9643890	9644.51	9644510	0.62	620	&=crying
*CHN	CHN	9644.51	9644510	9644.68	9644680	0.17	170
*CHN	CHN	9714.55	9714550	9714.97	9714970	0.42	420
*CHN	CHN	9714.97	9714970	9715.15	9715150	0.18	180	&=vocalization
*CHN	CHN	10080.36	10080360	10080.51	10080510	0.15	150
*CHN	CHN	10080.51	10080510	10080.87	10080870	0.36	360	&=vocalization
*CHN	CHN	10080.87	10080870	10080.96	10080960	0.09	90
*CHN	CHN	22769.63	22769630	22770.09	22770090	0.46	460
*CHN	CHN	22770.09	22770090	22770.23	22770230	0.14	140	&=crying
*CHN	CHN	22959.65	22959650	22959.96	22959960	0.31	310
*CHN	CHN	22959.96	22959960	22960.37	22960370	0.41	410	&=crying
*CHN	CHN	22967.61	22967610	22967.81	22967810	0.2	200
*CHN	CHN	22967.81	22967810	22968.31	22968310	0.5	500	&=crying
*CHN	CHN	23438.09	23438090	23438.49	23438490	0.4	400	&=vfx
*CHN	CHN	23438.49	23438490	23438.69	23438690	0.2	200
*CHN	CHN	28032.82	28032820	28033.0	28033000	0.18	180	&=vfx
*CHN	CHN	28033.0	28033000	28033.42	28033420	0.42	420
*CHN	CHN	28093.06	28093060	28093.55	28093550	0.49	490	&=vfx
*CHN	CHN	28093.55	28093550	28093.66	28093660	0.11	110
*CHN	CHN	28209.31	28209310	28209.57	28209570	0.26	260	&=vocalization
*CHN	CHN	28209.57	28209570	28210.07	28210070	0.5	500
*CHN	CHN	28210.07	28210070	28210.16	28210160	0.09	90	&=vocalization
*CHN	CHN	28210.16	28210160	28210.36	28210360	0.2	200
*CHN	CHN	28413.85	28413850	28414.09	28414090	0.24	240	&=crying
*CHN	CHN	28414.09	28414090	28414.65	28414650	0.56	560
*CHN	CHN	28424.38	28424380	28424.47	28424470	0.09	90
*CHN	CHN	28424.47	28424470	28424.98	28424980	0.51	510	&=crying
*CHN	CHN	28471.6	28471600	28471.7	28471700	0.1	100
*CHN	CHN	28471.7	28471700	28471.9	28471900	0.2	200	&=vocalization
*CHN	CHN	28471.9	28471900	28472.4	28472400	0.5	500
*CHN	CHN	30844.37	30844370	30844.47	30844470	0.1	100
*CHN	CHN	30844.47	30844470	30844.85	30844850	0.38	380	&=vocalization
*CHN	CHN	30844.85	30844850	30845.74	30845740	0.89	890
*CHN	CHN	31024.67	31024670	31025.66	31025660	0.99	990	&=vfx
*CHN	CHN	31739.52	31739520	31739.95	31739950	0.43	430
*CHN	CHN	31739.95	31739950	31740.59	31740590	0.64	640	&=vocalization
*CHN	CHN	31740.59	31740590	31740.67	31740670	0.08	80
*CHN	CHN	33333.93	33333930	33334.38	33334380	0.45	450	&=vfx
*CHN	CHN	33334.38	33334380	33334.53	33334530	0.15	150
*CHN	CHN	33623.02	33623020	33623.95	33623950	0.93	930	&=vocalization
*CHN	CHN	33774.67	33774670	33775.11	33775110	0.44	440
*CHN	CHN	33775.11	33775110	33775.28	33775280	0.17	170	&=crying
*CHN	CHN	33788.14	33788140	33788.68	33788680	0.54	540	&=vocalization
*CHN	CHN	33788.68	33788680	33788.76	33788760	0.08	80
*CHN	CHN	34018.91	34018910	34019.25	34019250	0.34	340
*CHN	CHN	34019.25	34019250	34019.33	34019330	0.08	80	&=crying
*CHN	CHN	34019.33	34019330	34019.51	34019510	0.18	180
*CHN	CHN	34023.99	34023990	34024.12	34024120	0.13	130
*CHN	CHN	34024.12	34024120	34024.32	34024320	0.2	200	&=vocalization
*CHN	CHN	34024.32	34024320	34024.59	34024590	0.27	270
*CHN	CHN	35856.46	35856460	35856.77	35856770	0.31	310
*CHN	CHN	35856.77	35856770	35856.87	35856870	0.1	100	&=vocalization
*CHN	CHN	35856.87	35856870	35857.06	35857060	0.19	190
*CHN	CHN	37110.93	37110930	37111.01	37111010	0.08	80
*CHN	CHN	37111.01	37111010	37111.69	37111690	0.68	680	&=crying
*CHN	CHN	37111.69	37111690	37111.97	37111970	0.28	280
*CHN	CHN	37197.25	37197250	37197.89	37197890	0.64	640	&=vocalization
*CHN	CHN	37522.3	37522300	37522.9	37522900	0.6	600	&=vocalization
*CHN	CHN	37718.0	37718000	37718.35	37718350	0.35	350
*CHN	CHN	37718.35	37718350	37718.6	37718600	0.25	250	&=vocalization
*CHN	CHN	37719.4	37719400	37719.88	37719880	0.48	480	&=vocalization
*CHN	CHN	37719.88	37719880	37720.0	37720000	0.12	120
*CHN	CHN	37834.15	37834150	37834.81	37834810	0.66	660	&=crying
*CHN	CHN	38191.43	38191430	38191.61	38191610	0.18	180
*CHN	CHN	38191.61	38191610	38191.88	38191880	0.27	270	&=vfx
*CHN	CHN	38191.88	38191880	38192.03	38192030	0.15	150
*CHN	CHN	38478.56	38478560	38479.12	38479120	0.56	560
*CHN	CHN	38479.12	38479120	38479.29	38479290	0.17	170	&=crying
*CHN	CHN	38613.97	38613970	38614.62	38614620	0.65	650	&=vfx
*CHN	CHN	38691.57	38691570	38692.17	38692170	0.6	600
*CHN	CHN	38693.44	38693440	38693.83	38693830	0.39	390
*CHN	CHN	38693.83	38693830	38694.17	38694170	0.34	340	&=vocalization
*CHN	CHN	39028.55	39028550	39029.27	39029270	0.72	720	&=vfx
*CHN	CHN	41315.08	41315080	41315.16	41315160	0.08	80
*CHN	CHN	41315.16	41315160	41315.49	41315490	0.33	330	&=vfx
*CHN	CHN	41315.49	41315490	41315.68	41315680	0.19	190
*CHN	CHN	41680.61	41680610	41680.99	41680990	0.38	380	&=vfx
*CHN	CHN	41680.99	41680990	41681.21	41681210	0.22	220
*CHN	CHN	41696.71	41696710	41696.96	41696960	0.25	250
*CHN	CHN	41696.96	41696960	41697.31	41697310	0.35	350	&=vfx
*CHN	CHN	41757.85	41757850	41757.94	41757940	0.09	90	&=vocalization
*CHN	CHN	41757.94	41757940	41758.31	41758310	0.37	370
*CHN	CHN	41758.31	41758310	41758.59	41758590	0.28	280	&=vocalization
*CHN	CHN	41758.59	41758590	41758.69	41758690	0.1	100
*CHN	CHN	41804.15	41804150	41804.58	41804580	0.43	430	&=vfx
*CHN	CHN	41804.58	41804580	41804.75	41804750	0.17	170
*CHN	CHN	41871.74	41871740	41871.82	41871820	0.08	80
*CHN	CHN	41871.82	41871820	41872.19	41872190	0.37	370	&=vocalization
*CHN	CHN	41872.19	41872190	41872.34	41872340	0.15	150
*CHN	CHN	42163.98	42163980	42164.77	42164770	0.79	790	&=vocalization
*CHN	CHN	42164.77	42164770	42165.57	42165570	0.8	800
*CHN	CHN	42189.0	42189000	42189.6	42189600	0.6	600	&=crying
*CHN	CHN	42189.6	42189600	42189.86	42189860	0.26	260	&=vfx
*CHN	CHN	42219.23	42219230	42219.73	42219730	0.5	500
*CHN	CHN	42219.73	42219730	42219.99	42219990	0.26	260	&=crying
*CHN	CHN	44932.56	44932560	44933.57	44933570	1.01	1010
*CHN	CHN	44957.54	44957540	44957.96	44957960	0.42	420
*CHN	CHN	44957.96	44957960	44958.14	44958140	0.18	180	&=crying
*CHN	CHN	45324.68	45324680	45325.03	45325030	0.35	350
*CHN	CHN	45325.03	45325030	45325.48	45325480	0.45	450	&=vocalization
*CHN	CHN	45516.14	45516140	45516.47	45516470	0.33	330	&=vocalization
*CHN	CHN	45516.47	45516470	45517.03	45517030	0.56	560
*CHN	CHN	45517.03	45517030	45517.27	45517270	0.24	240	&=vocalization
*CHN	CHN	45591.57	45591570	45591.89	45591890	0.32	320
*CHN	CHN	45591.89	45591890	45592.07	45592070	0.18	180	&=vocalization
*CHN	CHN	45592.07	45592070	45592.17	45592170	0.1	100
*CHN	CHN	45624.04	45624040	45624.38	45624380	0.34	340	&=crying
*CHN	CHN	45624.38	45624380	45624.64	45624640	0.26	260
*CHN	CHN	45719.68	45719680	45719.89	45719890	0.21	210
*CHN	CHN	45719.89	45719890	45720.08	45720080	0.19	190	&=vocalization
*CHN	CHN	45720.08	45720080	45720.28	45720280	0.2	200
*CHN	CHN	48228.8	48228800	48228.88	48228880	0.08	80
*CHN	CHN	48228.88	48228880	48229.6	48229600	0.72	720	&=vocalization
*CHN	CHN	50338.87	50338870	50339.33	50339330	0.46	460	&=vfx
*CHN	CHN	50339.33	50339330	50339.47	50339470	0.14	140
*CHN	CHN	50379.15	50379150	50379.38	50379380	0.23	230	&=vfx
*CHN	CHN	50379.38	50379380	50379.75	50379750	0.37	370
*CHN	CHN	50439.66	50439660	50439.75	50439750	0.09	90
*CHN	CHN	50439.75	50439750	50439.99	50439990	0.24	240	&=vocalization
*CHN	CHN	50439.99	50439990	50440.26	50440260	0.27	270
*CHN	CHN	50454.65	50454650	50454.78	50454780	0.13	130
*CHN	CHN	50454.78	50454780	50455.08	50455080	0.3	300	&=vocalization
*CHN	CHN	50455.08	50455080	50455.25	50455250	0.17	170
*CHN	CHN	50463.37	50463370	50463.55	50463550	0.18	180
*CHN	CHN	50463.55	50463550	50463.83	50463830	0.28	280	&=vfx
*CHN	CHN	50463.83	50463830	50463.97	50463970	0.14	140
*CHN	CHN	50479.68	50479680	50479.87	50479870	0.19	190
*CHN	CHN	50479.87	50479870	50480.16	50480160	0.29	290	&=vocalization
*CHN	CHN	50480.16	50480160	50480.28	50480280	0.12	120
*CHN	CHN	50483.22	50483220	50483.6	50483600	0.38	380	&=crying
*CHN	CHN	50483.6	50483600	50483.82	50483820	0.22	220
*CHN	CHN	50496.85	50496850	50497.2	50497200	0.35	350	&=vocalization
*CHN	CHN	50497.2	50497200	50497.45	50497450	0.25	250
*CHN	CHN	50612.66	50612660	50612.91	50612910	0.25	250
*CHN	CHN	50612.91	50612910	50613.23	50613230	0.32	320	&=vocalization
*CHN	CHN	50613.23	50613230	50613.31	50613310	0.08	80
*CHN	CHN	50614.6	50614600	50614.81	50614810	0.21	210
*CHN	CHN	50614.81	50614810	50615.05	50615050	0.24	240	&=crying
*CHN	CHN	50615.05	50615050	50615.2	50615200	0.15	150
*CHN	CHN	50632.11	50632110	50632.27	50632270	0.16	160
*CHN	CHN	50632.27	50632270	50632.53	50632530	0.26	260	&=vocalization
*CHN	CHN	50632.53	50632530	50632.71	50632710	0.18	180
*CHN	CHN	50665.13	50665130	50665.54	50665540	0.41	410	&=crying
*CHN	CHN	50665.54	50665540	50665.73	50665730	0.19	190	&=vfx
*CHN	CHN	50667.59	50667590	50667.83	50667830	0.24	240	&=crying
*CHN	CHN	50667.83	50667830	50668.19	50668190	0.36	360
*CHN	CHN	50669.28	50669280	50669.55	50669550	0.27	270
*CHN	CHN	50669.55	50669550	50669.65	50669650	0.1	100	&=crying
*CHN	CHN	50669.65	50669650	50669.88	50669880	0.23	230
*CHN	CHN	50692.89	50692890	50693.3	50693300	0.41	410	&=vfx
*CHN	CHN	50693.3	50693300	50693.5	50693500	0.2	200
*CHN	CHN	50706.92	50706920	50707.33	50707330	0.41	410	&=vocalization
*CHN	CHN	50707.33	50707330	50707.57	50707570	0.24	240
*CHN	CHN	50729.68	50729680	50729.79	50729790	0.11	110
*CHN	CHN	50729.79	50729790	50730.3	50730300	0.51	510	&=crying
*CHN	CHN	50730.3	50730300	50730.78	50730780	0.48	480
*CHN	CHN	50752.58	50752580	50753.3	50753300	0.72	720
*CHN	CHN	50753.3	50753300	50755.09	50755090	1.79	1790	&=crying
*CHN	CHN	50755.09	50755090	50755.39	50755390	0.3	300
*CHN	CHN	50767.1	50767100	50767.48	50767480	0.38	380	&=vocalization
*CHN	CHN	50767.48	50767480	50767.85	50767850	0.37	370
*CHN	CHN	50767.85	50767850	50768.18	50768180	0.33	330	&=vocalization
*CHN	CHN	50768.18	50768180	50768.65	50768650	0.47	470
*CHN	CHN	50768.65	50768650	50768.77	50768770	0.12	120	&=vocalization
*CHN	CHN	50768.77	50768770	50768.89	50768890	0.12	120
*CHN	CHN	50782.26	50782260	50783.06	50783060	0.8	800	&=crying
*CHN	CHN	50784.59	50784590	50785.19	50785190	0.6	600	&=crying
*CHN	CHN	50785.19	50785190	50786.01	50786010	0.82	820	&=vocalization
*CHN	CHN	50790.58	50790580	50791.54	50791540	0.96	960	&=crying
*CHN	CHN	50795.7	50795700	50796.31	50796310	0.61	610	&=vocalization
*CHN	CHN	50835.67	50835670	50836.68	50836680	1.01	1010	&=crying
*CHN	CHN	50836.68	50836680	50837.13	50837130	0.45	450	&=vocalization
*CHN	CHN	50837.13	50837130	50837.55	50837550	0.42	420
*CHN	CHN	50837.55	50837550	50838.04	50838040	0.49	490	&=vocalization
*CHN	CHN	50869.17	50869170	50870.89	50870890	1.72	1720	&=vocalization
*CHN	CHN	50878.54	50878540	50878.76	50878760	0.22	220
*CHN	CHN	50878.76	50878760	50879.01	50879010	0.25	250	&=vocalization
*CHN	CHN	50879.01	50879010	50879.14	50879140	0.13	130
*CHN	CHN	50888.3	50888300	50888.93	50888930	0.63	630	&=vfx
*CHN	CHN	50911.99	50911990	50912.52	50912520	0.53	530	&=vocalization
*CHN	CHN	50912.52	50912520	50912.6	50912600	0.08	80
*CHN	CHN	50940.15	50940150	50940.66	50940660	0.51	510	&=crying
*CHN	CHN	50940.66	50940660	50940.75	50940750	0.09	90
*CHN	CHN	50945.63	50945630	50946.17	50946170	0.54	540	&=vocalization
*CHN	CHN	50946.17	50946170	50946.69	50946690	0.52	520
*CHN	CHN	50956.68	50956680	50957.54	50957540	0.86	860	&=vocalization
*CHN	CHN	50958.34	50958340	50958.61	50958610	0.27	270	&=vocalization
*CHN	CHN	50958.61	50958610	50959.17	50959170	0.56	560
*CHN	CHN	50959.17	50959170	50959.35	50959350	0.18	180	&=vocalization
*CHN	CHN	50959.35	50959350	50959.77	50959770	0.42	420
*CHN	CHN	50959.77	50959770	50960.12	50960120	0.35	350	&=vocalization
*CHN	CHN	50960.92	50960920	50961.22	50961220	0.3	300
*CHN	CHN	50961.22	50961220	50961.52	50961520	0.3	300	&=vocalization
*CHN	CHN	51003.55	51003550	51004.43	51004430	0.88	880	&=crying
*CHN	CHN	51004.43	51004430	51004.77	51004770	0.34	340
*CHN	CHN	51004.77	51004770	51004.85	51004850	0.08	80
*CHN	CHN	51004.85	51004850	51005.3	51005300	0.45	450	&=crying
*CHN	CHN	51005.3	51005300	51005.37	51005370	0.07	70
*CHN	CHN	51012.46	51012460	51012.7	51012700	0.24	240	&=vocalization
*CHN	CHN	51012.7	51012700	51013.08	51013080	0.38	380
*CHN	CHN	51023.6	51023600	51024.36	51024360	0.76	760	&=vocalization
*CHN	CHN	51024.36	51024360	51024.45	51024450	0.09	90
*CHN	CHN	51024.45	51024450	51025.18	51025180	0.73	730	&=vocalization
*CHN	CHN	51034.3	51034300	51034.9	51034900	0.6	600	&=vocalization
*CHN	CHN	51037.53	51037530	51038.33	51038330	0.8	800	&=vocalization
*CHN	CHN	51059.5	51059500	51059.6	51059600	0.1	100
*CHN	CHN	51059.6	51059600	51060.1	51060100	0.5	500	&=vocalization
*CHN	CHN	51062.87	51062870	51063.47	51063470	0.6	600	&=vocalization
*CHN	CHN	51074.34	51074340	51075.17	51075170	0.83	830	&=vocalization
*CHN	CHN	51091.32	51091320	51092.0	51092000	0.68	680
*CHN	CHN	51092.0	51092000	51093.17	51093170	1.17	1170	&=crying
*CHN	CHN	51093.17	51093170	51094.04	51094040	0.87	870
*CHN	CHN	51126.53	51126530	51127.08	51127080	0.55	550	&=vocalization
*CHN	CHN	51127.08	51127080	51127.3	51127300	0.22	220
*CHN	CHN	51131.0	51131000	51131.13	51131130	0.13	130	&=vocalization
*CHN	CHN	51131.13	51131130	51131.49	51131490	0.36	360
*CHN	CHN	51131.49	51131490	51131.67	51131670	0.18	180	&=vocalization
*CHN	CHN	51141.67	51141670	51142.71	51142710	1.04	1040	&=vocalization
*CHN	CHN	51142.71	51142710	51143.23	51143230	0.52	520
*CHN	CHN	51143.23	51143230	51143.83	51143830	0.6	600	&=vocalization
*CHN	CHN	51158.49	51158490	51159.11	51159110	0.62	620	&=crying
*CHN	CHN	51164.44	51164440	51165.19	51165190	0.75	750	&=crying
*CHN	CHN	51181.85	51181850	51182.09	51182090	0.24	240	&=vfx
*CHN	CHN	51182.09	51182090	51182.45	51182450	0.36	360
*CHN	CHN	51219.65	51219650	51220.3	51220300	0.65	650	&=crying
*CHN	CHN	51221.7	51221700	51222.31	51222310	0.61	610	&=vocalization
*CHN	CHN	51232.2	51232200	51232.66	51232660	0.46	460
*CHN	CHN	51232.66	51232660	51232.8	51232800	0.14	140	&=vocalization
*CHN	CHN	51241.15	51241150	51242.06	51242060	0.91	910	&=vocalization
*CHN	CHN	51242.06	51242060	51242.26	51242260	0.2	200
*CHN	CHN	51300.13	51300130	51302.27	51302270	2.14	2140	&=crying
*CHN	CHN	51318.21	51318210	51318.76	51318760	0.55	550
*CHN	CHN	51318.76	51318760	51319.08	51319080	0.32	320	&=crying
*CHN	CHN	51319.08	51319080	51319.2	51319200	0.12	120	&=vfx
*CHN	CHN	51331.06	51331060	51331.71	51331710	0.65	650	&=vocalization
*CHN	CHN	51332.51	51332510	51332.6	51332600	0.09	90
*CHN	CHN	51332.6	51332600	51333.12	51333120	0.52	520	&=crying
*CHN	CHN	51338.07	51338070	51338.47	51338470	0.4	400	&=crying
*CHN	CHN	51338.47	51338470	51338.7	51338700	0.23	230
*CHN	CHN	51346.11	51346110	51346.93	51346930	0.82	820	&=vocalization
*CHN	CHN	51350.69	51350690	51351.23	51351230	0.54	540	&=vocalization
*CHN	CHN	51351.23	51351230	51351.72	51351720	0.49	490
*CHN	CHN	51351.72	51351720	51352.21	51352210	0.49	490	&=vocalization
*CHN	CHN	51362.48	51362480	51362.78	51362780	0.3	300
*CHN	CHN	51362.78	51362780	51363.11	51363110	0.33	330	&=vfx
*CHN	CHN	51363.11	51363110	51363.23	51363230	0.12	120
*CHN	CHN	51368.57	51368570	51369.73	51369730	1.16	1160	&=vfx
*CHN	CHN	51370.67	51370670	51370.79	51370790	0.12	120	&=crying
*CHN	CHN	51370.79	51370790	51371.29	51371290	0.5	500
*CHN	CHN	51375.88	51375880	51376.48	51376480	0.6	600	&=vocalization
*CHN	CHN	51376.48	51376480	51376.77	51376770	0.29	290
*CHN	CHN	51383.55	51383550	51384.15	51384150	0.6	600	&=vocalization
*CHN	CHN	51385.83	51385830	51385.91	51385910	0.08	80
*CHN	CHN	51385.91	51385910	51386.73	51386730	0.82	820	&=crying
*CHN	CHN	51387.57	51387570	51388.37	51388370	0.8	800	&=crying
*CHN	CHN	51396.4	51396400	51397.2	51397200	0.8	800	&=crying
*CHN	CHN	51405.58	51405580	51406.44	51406440	0.86	860	&=crying
*CHN	CHN	51406.44	51406440	51406.54	51406540	0.1	100
*CHN	CHN	51419.46	51419460	51420.31	51420310	0.85	850	&=vocalization
*CHN	CHN	51420.31	51420310	51421.01	51421010	0.7	700	&=vocalization
*CHN	CHN	51421.81	51421810	51422.45	51422450	0.64	640	&=vocalization
*CHN	CHN	51424.49	51424490	51425.29	51425290	0.8	800	&=vfx
*CHN	CHN	51433.38	51433380	51434.18	51434180	0.8	800	&=crying
*CHN	CHN	51448.19	51448190	51449.03	51449030	0.84	840	&=vfx
*CHN	CHN	51462.75	51462750	51462.86	51462860	0.11	110
*CHN	CHN	51462.86	51462860	51463.72	51463720	0.86	860	&=vocalization
*CHN	CHN	51463.72	51463720	51463.85	51463850	0.13	130
*CHN	CHN	51466.65	51466650	51467.44	51467440	0.79	790	&=crying
*CHN	CHN	51467.44	51467440	51468.29	51468290	0.85	850
*CHN	CHN	51471.76	51471760	51472.43	51472430	0.67	670	&=vocalization
*CHN	CHN	51472.43	51472430	51472.79	51472790	0.36	360	&=crying
*CHN	CHN	51472.79	51472790	51473.23	51473230	0.44	440	&=vfx
*CHN	CHN	51476.27	51476270	51476.64	51476640	0.37	370	&=vfx
*CHN	CHN	51476.64	51476640	51476.87	51476870	0.23	230
*CHN	CHN	51488.57	51488570	51489.01	51489010	0.44	440
*CHN	CHN	51489.01	51489010	51489.56	51489560	0.55	550	&=vocalization
*CHN	CHN	51508.87	51508870	51509.97	51509970	1.1	1100	&=crying
*CHN	CHN	51519.1	51519100	51519.36	51519360	0.26	260
*CHN	CHN	51519.36	51519360	51519.81	51519810	0.45	450	&=vocalization
*CHN	CHN	51519.81	51519810	51519.9	51519900	0.09	90
*CHN	CHN	51530.96	51530960	51531.81	51531810	0.85	850	&=vocalization
*CHN	CHN	51532.87	51532870	51533.62	51533620	0.75	750	&=vocalization
*CHN	CHN	51555.18	51555180	51555.78	51555780	0.6	600	&=vocalization
*CHN	CHN	51557.48	51557480	51558.16	51558160	0.68	680	&=crying
*CHN	CHN	51558.16	51558160	51558.92	51558920	0.76	760	&=vocalization
*CHN	CHN	51558.92	51558920	51559.16	51559160	0.24	240
*CHN	CHN	51645.5	51645500	51645.78	51645780	0.28	280
*CHN	CHN	51645.78	51645780	51646.11	51646110	0.33	330	&=crying
*CHN	CHN	52167.29	52167290	52167.6	52167600	0.31	310
*CHN	CHN	52167.6	52167600	52167.78	52167780	0.18	180	&=crying
*CHN	CHN	52167.78	52167780	52167.89	52167890	0.11	110
*CHN	CHN	52481.41	52481410	52482.47	52482470	1.06	1060	&=crying
*CHN	CHN	52482.47	52482470	52482.59	52482590	0.12	120
*CHN	CHN	52601.19	52601190	52602.15	52602150	0.96	960	&=crying
*CHN	CHN	52602.15	52602150	52602.42	52602420	0.27	270
*CHN	CHN	52602.42	52602420	52602.9	52602900	0.48	480	&=crying
*CHN	CHN	52602.9	52602900	52603.26	52603260	0.36	360
*CHN	CHN	52651.21	52651210	52651.56	52651560	0.35	350	&=crying
*CHN	CHN	52651.56	52651560	52651.81	52651810	0.25	250
*CHN	CHN	52667.53	52667530	52667.89	52667890	0.36	360	&=vfx
*CHN	CHN	52667.89	52667890	52668.15	52668150	0.26	260
*CHN	CHN	52982.13	52982130	52982.23	52982230	0.1	100
*CHN	CHN	52982.23	52982230	52983.62	52983620	1.39	1390	&=crying
*CHN	CHN	53002.33	53002330	53002.41	53002410	0.08	80
*CHN	CHN	53002.41	53002410	53004.55	53004550	2.14	2140	&=crying
*CHN	CHN	53006.45	53006450	53007.05	53007050	0.6	600	&=crying
*CHN	CHN	53008.05	53008050	53009.26	53009260	1.21	1210	&=crying
*CHN	CHN	53016.67	53016670	53017.74	53017740	1.07	1070	&=crying
*CHN	CHN	53017.74	53017740	53017.95	53017950	0.21	210
*CHN	CHN	53023.91	53023910	53024.01	53024010	0.1	100
*CHN	CHN	53024.01	53024010	53026.27	53026270	2.26	2260	&=crying
*CHN	CHN	53042.04	53042040	53042.2	53042200	0.16	160
*CHN	CHN	53042.2	53042200	53042.98	53042980	0.78	780	&=crying
*CHN	CHN	53042.98	53042980	53043.12	53043120	0.14	140
*CHN	CHN	53048.72	53048720	53049.06	53049060	0.34	340	&=crying
*CHN	CHN	53049.06	53049060	53049.87	53049870	0.81	810
*CHN	CHN	53049.87	53049870	53050.74	53050740	0.87	870	&=crying
*CHN	CHN	53050.74	53050740	53050.89	53050890	0.15	150
*CHN	CHN	53322.59	53322590	53323.17	53323170	0.58	580
*CHN	CHN	53323.17	53323170	53323.43	53323430	0.26	260	&=crying
*CHN	CHN	53323.43	53323430	53323.81	53323810	0.38	380	&=vfx
*CHN	CHN	53323.81	53323810	53324.03	53324030	0.22	220
*CHN	CHN	53335.25	53335250	53335.45	53335450	0.2	200
*CHN	CHN	53335.45	53335450	53336.08	53336080	0.63	630	&=crying
*CHN	CHN	53336.08	53336080	53336.18	53336180	0.1	100
*CHN	CHN	53351.4	53351400	53351.48	53351480	0.08	80
*CHN	CHN	53351.48	53351480	53351.79	53351790	0.31	310	&=crying
*CHN	CHN	53351.79	53351790	53352.01	53352010	0.22	220
*CHN	CHN	53519.08	53519080	53519.86	53519860	0.78	780	&=crying
*CHN	CHN	53519.86	53519860	53519.98	53519980	0.12	120
*CHN	CHN	53822.01	53822010	53822.11	53822110	0.1	100
*CHN	CHN	53822.11	53822110	53823.05	53823050	0.94	940	&=crying
*CHN	CHN	53823.05	53823050	53823.16	53823160	0.11	110
*CHN	CHN	54596.4	54596400	54596.84	54596840	0.44	440	&=crying
*CHN	CHN	54596.84	54596840	54597.02	54597020	0.18	180
*CHN	CHN	55306.82	55306820	55307.3	55307300	0.48	480	&=crying
*CHN	CHN	55307.3	55307300	55307.43	55307430	0.13	130
*CHN	CHN	55320.84	55320840	55321.31	55321310	0.47	470	&=crying
*CHN	CHN	55321.31	55321310	55321.6	55321600	0.29	290
*CHN	CHN	55606.87	55606870	55607.72	55607720	0.85	850	&=crying
*CHN	CHN	55616.77	55616770	55617.04	55617040	0.27	270
*CHN	CHN	55617.04	55617040	55617.38	55617380	0.34	340	&=crying
*CHN	CHN	55703.47	55703470	55704.16	55704160	0.69	690	&=crying
*CHN	CHN	55726.62	55726620	55726.8	55726800	0.18	180
*CHN	CHN	55726.8	55726800	55727.37	55727370	0.57	570	&=crying
*CHN	CHN	55727.37	55727370	55728.35	55728350	0.98	980
*CHN	CHN	55728.35	55728350	55729.59	55729590	1.24	1240	&=crying
*CHN	CHN	55729.59	55729590	55729.79	55729790	0.2	200
